% %Group 1 Purple
%  79  58  34  51  73 122 123  85 118 118
%  93 125 161 190 223  79 128 162 179 219
% 
% %Group 2 Yellowish
%  199 168 171 159 174 232 219 234 197 230
%   41  68 104 159 194  39  81 130 137 181
%  
% %Group 3 Red
%  276 261 265 270 312 312 305 364 366 347
%   39  70 102 154  24  69 128  32  70 111
%  
% %Group 4 Blue
%  174 206 198 250 237 264 284 307 290 336
%  249 233 270 221 263 286 196 223 249 275
% 
% %Group 5 Green
%  312 331 356 357 387 390 397 419 433 424
%  162 192 153 214 134 175 221 101 138 181

 
XData = ... 
[79  58  34  51  73 122 123  85 118 118 ...
199 168 171 159 174 232 219 234 197 230 ...
276 261 265 270 312 312 305 364 366 347 ...
174 206 198 250 237 264 284 307 290 336 ...
312 331 356 357 387 390 397 419 433 424];

YData = ...
[93 125 161 190 223  79 128 162 179 219 ...
 41  68 104 159 194  39  81 130 137 181 ...
 39  70 102 154  24  69 128  32  70 111 ...
249 233 270 221 263 286 196 223 249 275 ...
162 192 153 214 134 175 221 101 138 181];